     0/299     8.53G      1.76      9.16      14.7      25.6      16.2     0.846       892       320     0.296     0.184    0.0877     0.202       1.5      5.19      4.84
     1/299     8.53G      1.48      5.08         9      15.6      7.32     0.793       934       320     0.274     0.396     0.186     0.323      1.35      3.55      3.66
     2/299     8.53G      1.32      3.74      8.29      13.4      4.71     0.748       824       320     0.264     0.436     0.242     0.324      1.28       3.1      4.37
     3/299     8.53G      1.24      3.46      8.37      13.1      4.02     0.747       909       320     0.279     0.478      0.28     0.352      1.24      3.04      4.24
     4/299     8.53G       1.2      3.36      8.47        13      3.79     0.692       951       320      0.37     0.408      0.27     0.386      1.22       2.9      4.26
     5/299     8.53G      1.17      3.31      8.49        13      3.62     0.707       932       320     0.302     0.437     0.254     0.329       1.2      2.87       6.4
     6/299     8.53G      1.14      3.17      7.32      11.6      3.18     0.659       909       320     0.332     0.514      0.31     0.402      1.16      2.69      3.12
     7/299     8.53G      1.13      3.13      7.04      11.3      3.08     0.678       939       320     0.341     0.514     0.336     0.403      1.16       2.7      3.54
     8/299     8.54G      1.12      3.11      6.98      11.2      3.01     0.682       804       320     0.319     0.546     0.332     0.397      1.15      2.66      3.59
     9/299     8.54G      1.12      3.09      6.93      11.1      2.98     0.664       778       320      0.34      0.53     0.335     0.414      1.15      2.65      3.07
    10/299     8.54G      1.11      3.09      6.84        11      2.97     0.649       861       320     0.365      0.53     0.363     0.432      1.14      2.61      2.92
    11/299     8.54G      1.11      3.06      6.74      10.9      2.92     0.685       905       320     0.326     0.555     0.381     0.406      1.14      2.62      3.53
    12/299     8.54G      1.11      3.05      6.67      10.8      2.88     0.671       850       320     0.347     0.542     0.365     0.423      1.14      2.62      2.79
    13/299     8.54G       1.1      3.04      6.65      10.8      2.84     0.661       795       320      0.34     0.538     0.334     0.414      1.14      2.55      3.28
    14/299     8.54G       1.1      3.03      6.55      10.7      2.84     0.648       842       320     0.375     0.552     0.384     0.442      1.14      2.61      2.96
    15/299     8.54G       1.1      3.02      6.58      10.7       2.8     0.655       856       320     0.366     0.573     0.387     0.444      1.12      2.56      2.82
    16/299     8.54G      1.09      3.01      6.48      10.6      2.79     0.658       788       320     0.346     0.547     0.363     0.422      1.13      2.56      3.09
    17/299     8.54G      1.09      3.01      6.38      10.5      2.75     0.662       940       320     0.436     0.493     0.368     0.461      1.13      2.57      2.91
    18/299     8.54G      1.09      2.99      6.45      10.5      2.75     0.635       900       320      0.36     0.537     0.379     0.429      1.12      2.57      3.42
    19/299     8.54G      1.09      2.98      6.34      10.4      2.72     0.632       853       320     0.385     0.501     0.339     0.433      1.12      2.54      2.89
    20/299     8.54G      1.08      2.97      6.39      10.4      2.71      0.65       872       320     0.349     0.543       0.4     0.421      1.12      2.57       3.3
    21/299     8.54G      1.08      2.97      6.33      10.4      2.68     0.678       895       320     0.371     0.554     0.368     0.443      1.11      2.51      2.83
    22/299     8.54G      1.08      2.97      6.29      10.3      2.67     0.632       927       320     0.341     0.565     0.377     0.424      1.11       2.5       3.1
    23/299     8.54G      1.08      2.96      6.25      10.3      2.65     0.636       867       320     0.358     0.584      0.41     0.436      1.11      2.53      3.07
    24/299     8.54G      1.08      2.95      6.29      10.3      2.65     0.645       857       320     0.353     0.571     0.391     0.435      1.11       2.5      3.24
    25/299     8.54G      1.08      2.95      6.27      10.3      2.64     0.627       846       320     0.365     0.569     0.396     0.444      1.11       2.5      2.76
    26/299     8.54G      1.07      2.93      6.13      10.1       2.6     0.643       865       320     0.331     0.579     0.409     0.415       1.1      2.52      3.63
    27/299     8.54G      1.07      2.94      6.17      10.2       2.6     0.642       987       320     0.376      0.55     0.375     0.445      1.11       2.5      3.11
    28/299     8.54G      1.07      2.93      6.14      10.1      2.59     0.639       875       320     0.351     0.566     0.381     0.428      1.11       2.5      3.37
    29/299     8.54G      1.07      2.92       6.1      10.1      2.58     0.604       832       320     0.366     0.572     0.394     0.446       1.1      2.45      2.69
    30/299     8.54G      1.07      2.91      6.03        10      2.55     0.649       863       320     0.335     0.576     0.398     0.407      1.11      2.51      4.61
    31/299     8.54G      1.07      2.91      5.99      9.96      2.56     0.604       877       320     0.419     0.527     0.368     0.465       1.1      2.54      2.87
    32/299     8.54G      1.07      2.92      5.95      9.95      2.58     0.633       876       320     0.402     0.531      0.37     0.456       1.1      2.49      3.44
    33/299     8.54G      1.07       2.9      6.01      9.99      2.56     0.619       869       320     0.339     0.552     0.369     0.418       1.1      2.48      3.63
    34/299     8.54G      1.07       2.9      5.92      9.89      2.56     0.631       862       320     0.378     0.565      0.41      0.45       1.1      2.51      3.36
    35/299     8.54G      1.06      2.89      5.93      9.89       2.5     0.643       919       320     0.345     0.578     0.404     0.423      1.09      2.45      3.81
    36/299     8.54G      1.07       2.9      5.91      9.88      2.53     0.654       849       320     0.323     0.567     0.381     0.411       1.1      2.48      3.27
    37/299     8.54G      1.06      2.89      5.84      9.79      2.51     0.621       797       320     0.398      0.55     0.391     0.457      1.09      2.43      2.83
    38/299     8.54G      1.06      2.88      5.84      9.79       2.5     0.652       840       320     0.341      0.59     0.422     0.426      1.09      2.47      3.88
    39/299     8.54G      1.06      2.87      5.89      9.83      2.49     0.626       805       320     0.399     0.561     0.408     0.466      1.09      2.46       2.8
    40/299     8.54G      1.06      2.88      5.86       9.8      2.48     0.638       850       320     0.308     0.581     0.373      0.39      1.09      2.47      4.59
    41/299     8.54G      1.06      2.87      5.78      9.71      2.48     0.629       799       320     0.381     0.544     0.376     0.441      1.09      2.47       3.2
    42/299     8.54G      1.06      2.87      5.86      9.78      2.48     0.634       785       320     0.423     0.548     0.417     0.477       1.1      2.44      2.72
    43/299     8.54G      1.06      2.87      5.88      9.81      2.47     0.624       861       320     0.395     0.559     0.404     0.462       1.1      2.46      2.97
    44/299     8.54G      1.06      2.86       5.8      9.72      2.46     0.606       798       320     0.345      0.59     0.431     0.432      1.09      2.43      3.34
    45/299     8.54G      1.06      2.86      5.83      9.75      2.46     0.618       857       320     0.366      0.58     0.411     0.441      1.09      2.44      3.43
    46/299     8.54G      1.06      2.86      5.73      9.65      2.45      0.62       887       320      0.36     0.578     0.426     0.444      1.09      2.44      3.06
    47/299     8.54G      1.06      2.86      5.66      9.58      2.45      0.62       885       320      0.39     0.566      0.43     0.455      1.09      2.44      3.25
    48/299     8.54G      1.06      2.85      5.69      9.59      2.45     0.609       864       320     0.403     0.555     0.425     0.467       1.1      2.45      2.76
    49/299     8.54G      1.05      2.84      5.67      9.57      2.42      0.64       853       320     0.417      0.56     0.419     0.477      1.09      2.41       2.7
    50/299     8.54G      1.05      2.84      5.72      9.62      2.42      0.63       849       320     0.336     0.591     0.426     0.416      1.09      2.46      4.05
    51/299     8.54G      1.05      2.85      5.62      9.52      2.43     0.635       881       320     0.374     0.576     0.428      0.45       1.1      2.45      3.35
    52/299     8.54G      1.06      2.84      5.58      9.48      2.42     0.641       837       320     0.355     0.595      0.45     0.443      1.08      2.45      3.11
    53/299     8.54G      1.05      2.86      5.66      9.57      2.41     0.612       894       320     0.379     0.561      0.41     0.447      1.09      2.45      2.95
    54/299     8.54G      1.05      2.85      5.67      9.57      2.42     0.626       815       320     0.437      0.59     0.456     0.499      1.09      2.37      2.48
    55/299     8.54G      1.05      2.83      5.65      9.54       2.4     0.608       842       320     0.382     0.587     0.429     0.456      1.08       2.4      3.13
    56/299     8.54G      1.05      2.83      5.59      9.47      2.39     0.623       878       320     0.381     0.583     0.421     0.457      1.09      2.42      2.89
    57/299     8.54G      1.05      2.83      5.62       9.5       2.4     0.619       876       320     0.378     0.585     0.441     0.449      1.08      2.41      3.17
    58/299     8.54G      1.05      2.84      5.54      9.43      2.42     0.624       852       320     0.403     0.583     0.437     0.473      1.08      2.38      2.86
    59/299     8.54G      1.05      2.83      5.57      9.45      2.37     0.616       864       320     0.379     0.583     0.444     0.455      1.09      2.43      3.07
    60/299     8.54G      1.05      2.83      5.41      9.29      2.38      0.59       920       320     0.362      0.56     0.417     0.438      1.09      2.42      3.09
    61/299     8.54G      1.04      2.81      5.19      9.04      2.31     0.593       980       320      0.41     0.594     0.454     0.482      1.07      2.36      2.48
    62/299     8.54G      1.04      2.78      4.99      8.82      2.29     0.597       875       320     0.385     0.606      0.46     0.465      1.07      2.36      2.81
    63/299     8.54G      1.04      2.78      5.02      8.84      2.25     0.598       847       320     0.388     0.596     0.446     0.467      1.07      2.35      2.69
    64/299     8.54G      1.04      2.78      5.01      8.83      2.27     0.632       818       320     0.398     0.586      0.44     0.472      1.07      2.37       2.9
    65/299     8.54G      1.04      2.79      5.01      8.83      2.25     0.615       781       320     0.387     0.604     0.443     0.467      1.07      2.37      2.78
    66/299     8.54G      1.04      2.79      5.05      8.87      2.26     0.595       902       320       0.4     0.581     0.434     0.471      1.07      2.36      2.74
    67/299     8.54G      1.04      2.78      4.94      8.76      2.26     0.587       868       320     0.406     0.598      0.47     0.481      1.07      2.34      2.45
    68/299     8.54G      1.03      2.77      4.98      8.78      2.24     0.607       836       320     0.388     0.591     0.451     0.466      1.06      2.36      2.57
    69/299     8.54G      1.04      2.77      4.92      8.73      2.25     0.617       871       320     0.391     0.582      0.45     0.466      1.07      2.37      2.61
    70/299     8.54G      1.03      2.77      4.95      8.76      2.24     0.612       876       320     0.388     0.596     0.453     0.469      1.07      2.36      2.64
    71/299     8.54G      1.04      2.77       4.9       8.7      2.24     0.584       870       320      0.38     0.599      0.44     0.459      1.07      2.36      3.36
    72/299     8.54G      1.03      2.76      4.89      8.68      2.23     0.591       829       320     0.373     0.608     0.455     0.455      1.07      2.36      2.96
    73/299     8.54G      1.03      2.76      4.92      8.72      2.24     0.582       951       320     0.386     0.605     0.463     0.469      1.07      2.35      2.51
    74/299     8.54G      1.03      2.76      4.86      8.65      2.22     0.597       863       320     0.393       0.6     0.458     0.472      1.07      2.33      2.89
    75/299     8.54G      1.03      2.76      4.88      8.67      2.23     0.617       870       320     0.384     0.619     0.468     0.472      1.07      2.34       2.5
    76/299     8.54G      1.04      2.77      4.89      8.69      2.24      0.57       818       320     0.383     0.596     0.464     0.463      1.07      2.34      2.81
    77/299     8.54G      1.04      2.76      4.85      8.65      2.23     0.589       857       320     0.398     0.591     0.447     0.472      1.07      2.32      2.88
    78/299     8.54G      1.03      2.76      4.85      8.65      2.22     0.591       769       320       0.4     0.601     0.464      0.48      1.06      2.35      2.59
    79/299     8.54G      1.04      2.75      4.85      8.64      2.24     0.601       896       320     0.395     0.591     0.463     0.471      1.07      2.37       2.7
    80/299     8.54G      1.03      2.76      4.85      8.64      2.23     0.585       930       320     0.391     0.605     0.461     0.472      1.06      2.34      2.82
    81/299     8.54G      1.03      2.75       4.8      8.59      2.23     0.584       827       320     0.381     0.606     0.446     0.464      1.07      2.33      3.01
    82/299     8.54G      1.03      2.75      4.85      8.63      2.21     0.574       782       320     0.389     0.605     0.469     0.469      1.07      2.35      2.63
    83/299     8.54G      1.03      2.76      4.85      8.64       2.2     0.605       841       320     0.379     0.626     0.481     0.468      1.06      2.33      2.77
    84/299     8.54G      1.03      2.75      4.79      8.57      2.22     0.594       824       320     0.379     0.603     0.461      0.46      1.07      2.33       2.7
    85/299     8.54G      1.03      2.75      4.81      8.59       2.2     0.597       822       320     0.387     0.607     0.464      0.47      1.06      2.33      2.81
    86/299     8.54G      1.03      2.75      4.75      8.53       2.2     0.608       860       320     0.409     0.609     0.487     0.488      1.06      2.34      2.78
    87/299     8.54G      1.03      2.75       4.8      8.58       2.2     0.577       824       320     0.394     0.597     0.467     0.473      1.06      2.32      2.87
    88/299     8.54G      1.03      2.75      4.78      8.56       2.2     0.596       837       320     0.419     0.585     0.454     0.486      1.07      2.35      2.73
    89/299     8.54G      1.03      2.76      4.76      8.55      2.21     0.595       779       320     0.385     0.609     0.471     0.463      1.06      2.32      3.08
    90/299     8.54G      1.03      2.74      4.82      8.59      2.19     0.571       914       320     0.361     0.606     0.457      0.45      1.06      2.36      3.05
    91/299     8.54G      1.03      2.74      4.72       8.5      2.18      0.56       839       320     0.409     0.608     0.468     0.486      1.06      2.33      2.64
    92/299     8.54G      1.03      2.75      4.73      8.51      2.19     0.607       817       320     0.386     0.604     0.464      0.47      1.06      2.32      2.46
    93/299     8.54G      1.03      2.73      4.65      8.41      2.18     0.594       863       320     0.381     0.601     0.462     0.462      1.06      2.32      3.07
    94/299     8.54G      1.03      2.74      4.67      8.43      2.17     0.582       862       320     0.372     0.615     0.452     0.454      1.06      2.33      2.94
    95/299     8.54G      1.03      2.74       4.6      8.37      2.16     0.587       825       320     0.389     0.597     0.455      0.47      1.06      2.32      2.95
    96/299     8.54G      1.03      2.74      4.62      8.39      2.16     0.592       917       320      0.42     0.593     0.461      0.49      1.06      2.32       2.6
    97/299     8.54G      1.03      2.74      4.56      8.33      2.16     0.601       753       320     0.379     0.602     0.461     0.463      1.06      2.32      2.79
    98/299     8.54G      1.03      2.73      4.59      8.35      2.16      0.59       859       320     0.389     0.605     0.461      0.47      1.06      2.31      2.85
    99/299     8.54G      1.03      2.73      4.59      8.35      2.16     0.582       877       320     0.413     0.604     0.468     0.487      1.06      2.31      2.64
   100/299     8.54G      1.03      2.73      4.52      8.28      2.14     0.605       847       320     0.386     0.601      0.46     0.467      1.06      2.35      2.99
   101/299     8.54G      1.03      2.75      4.62       8.4      2.17     0.563       869       320     0.408     0.603     0.468     0.484      1.06      2.32      2.59
   102/299     8.54G      1.03      2.72      4.65       8.4      2.14     0.604       853       320     0.351     0.618     0.471      0.44      1.05      2.33      3.25
   103/299     8.54G      1.03      2.73      4.56      8.32      2.15     0.593       878       320     0.401     0.606     0.481     0.478      1.06      2.33      2.73
   104/299     8.54G      1.03      2.72      4.55       8.3      2.15       0.6       842       320     0.396      0.62     0.478     0.482      1.06      2.36      2.65
   105/299     8.54G      1.03      2.73      4.52      8.28      2.15     0.614       910       320     0.404     0.598     0.461     0.479      1.06      2.32       2.6
   106/299     8.54G      1.03      2.74      4.63       8.4      2.17     0.566       902       320     0.384     0.596     0.448     0.467      1.06       2.3      2.83
   107/299     8.54G      1.03      2.73      4.53      8.28      2.15     0.578       838       320      0.38     0.609     0.464     0.466      1.06      2.31      2.44
   108/299     8.54G      1.03      2.73      4.49      8.24      2.15     0.612       877       320     0.407     0.584     0.461     0.478      1.06      2.31      2.52
   109/299     8.54G      1.02      2.72      4.54      8.28      2.14     0.589       796       320     0.406     0.607      0.47     0.481      1.06      2.31      2.92
   110/299     8.54G      1.03      2.73       4.5      8.26      2.14     0.603       814       320     0.374      0.62     0.471     0.463      1.06      2.31      2.64
   111/299     8.54G      1.03      2.72      4.53      8.28      2.16     0.584       833       320     0.392     0.623     0.476     0.479      1.06      2.31       2.7
   112/299     8.54G      1.02      2.71      4.58      8.32      2.14     0.579       797       320     0.382     0.592     0.468     0.458      1.06      2.34      2.74
   113/299     8.54G      1.02      2.72      4.51      8.26      2.14     0.583       834       320     0.405     0.615     0.479     0.485      1.06       2.3       2.7
   114/299     8.54G      1.02      2.73      4.52      8.28      2.14     0.582       842       320      0.41     0.605     0.474     0.485      1.06       2.3      2.62
   115/299     8.54G      1.02      2.73       4.5      8.25      2.15     0.602       861       320      0.39     0.596     0.464     0.466      1.06      2.32      2.87
   116/299     8.54G      1.02      2.72      4.47      8.21      2.15      0.59       904       320     0.403     0.612     0.468     0.482      1.06       2.3      2.63
   117/299     8.54G      1.02      2.73      4.49      8.24      2.16     0.595       865       320     0.378     0.616     0.469     0.465      1.06       2.3      2.78
   118/299     8.54G      1.02      2.72      4.51      8.26      2.14      0.57       876       320     0.417       0.6     0.476      0.49      1.06      2.29      2.58
   119/299     8.54G      1.02      2.72      4.49      8.23      2.14     0.594       889       320     0.398     0.627     0.478     0.482      1.06      2.31      2.69
   120/299     8.54G      1.02      2.72      4.47      8.21      2.13     0.577       851       320     0.377     0.612     0.468     0.457      1.05      2.31      2.97
   121/299     8.54G      1.02      2.71      4.36      8.09      2.12     0.587       869       320     0.405     0.614     0.473     0.483      1.06      2.31      2.63
   122/299     8.54G      1.02      2.72       4.4      8.14      2.13     0.595       866       320      0.39     0.617      0.48     0.473      1.05       2.3       2.9
   123/299     8.54G      1.02      2.71       4.4      8.12      2.12     0.614       818       320     0.402     0.626     0.489     0.488      1.05       2.3      2.45
   124/299     8.54G      1.02      2.71      4.39      8.12      2.11     0.568       874       320      0.38     0.629     0.485      0.47      1.06      2.32      2.64
   125/299     8.54G      1.02      2.71      4.39      8.12      2.11     0.588       806       320     0.392     0.606     0.476     0.473      1.06       2.3      2.86
   126/299     8.54G      1.02      2.71      4.33      8.06      2.09     0.575       789       320     0.398     0.609     0.476     0.478      1.06       2.3      2.99
   127/299     8.54G      1.02      2.69      4.42      8.13      2.09     0.584       863       320      0.41     0.625     0.486     0.492      1.05      2.29      2.56
   128/299     8.54G      1.02      2.71      4.35      8.08      2.11     0.595       869       320      0.41     0.622     0.487     0.488      1.05       2.3      2.75
   129/299     8.54G      1.02      2.71      4.39      8.13      2.11     0.592       872       320     0.402      0.61     0.477     0.479      1.06      2.31      3.03
   130/299     8.54G      1.02       2.7      4.29      8.01      2.09     0.609       805       320     0.404     0.601     0.473     0.481      1.05      2.28      2.71
   131/299     8.54G      1.02       2.7      4.33      8.05      2.09     0.583       763       320     0.424     0.625     0.491       0.5      1.06      2.29      2.72
   132/299     8.54G      1.02       2.7      4.31      8.02       2.1     0.581       938       320     0.411     0.603     0.469     0.485      1.06       2.3      2.87
   133/299     8.54G      1.02      2.71      4.31      8.04      2.12     0.576       838       320     0.391     0.626     0.484     0.477      1.05      2.29      2.72
   134/299     8.54G      1.02       2.7      4.32      8.04      2.09     0.573       846       320     0.395     0.616     0.468     0.477      1.05      2.29      2.71
   135/299     8.54G      1.02       2.7      4.26      7.99       2.1      0.59       909       320     0.392     0.618     0.483     0.477      1.05       2.3      2.59
   136/299     8.54G      1.02       2.7      4.33      8.04      2.09     0.589       867       320     0.426     0.609     0.472       0.5      1.06      2.29      2.75
   137/299     8.54G      1.02       2.7      4.33      8.05      2.09     0.573       802       320     0.401     0.623      0.48     0.483      1.05      2.31      2.64
   138/299     8.54G      1.02       2.7      4.27      7.98      2.09     0.605       889       320     0.385     0.608     0.472     0.465      1.05       2.3      2.87
   139/299     8.54G      1.02       2.7      4.25      7.98       2.1      0.58       893       320     0.388     0.613     0.477     0.472      1.05       2.3      2.77
   140/299     8.54G      1.02       2.7      4.26      7.98      2.09     0.585       884       320     0.411     0.618      0.49      0.49      1.05       2.3      2.63
   141/299     8.54G      1.02       2.7      4.31      8.02      2.09     0.592       876       320     0.437     0.612      0.49     0.508      1.06       2.3      2.45
   142/299     8.54G      1.02       2.7      4.27      7.99      2.09      0.59       927       320     0.413     0.607     0.477     0.486      1.05       2.3      2.85
   143/299     8.54G      1.02      2.69      4.29         8      2.08     0.578       830       320     0.408     0.618     0.476      0.49      1.05      2.29      2.72
   144/299     8.54G      1.02      2.69      4.34      8.06      2.09     0.606       868       320     0.394     0.621     0.487     0.479      1.05      2.31      2.82
   145/299     8.54G      1.02      2.69      4.26      7.97      2.08     0.575       899       320     0.405     0.612     0.481     0.485      1.05      2.29      2.69
   146/299     8.54G      1.02      2.69       4.3      8.01      2.09     0.573       817       320     0.419     0.619     0.489     0.496      1.05      2.29      2.51
   147/299     8.54G      1.02      2.71      4.24      7.97      2.09       0.6       831       320     0.394     0.613     0.479     0.477      1.05       2.3      2.62
   148/299     8.54G      1.02       2.7      4.24      7.96      2.09       0.6       829       320     0.406       0.6     0.459     0.482      1.05       2.3      2.63
   149/299     8.54G      1.02      2.69      4.24      7.95      2.09     0.549       797       320     0.418     0.612     0.485     0.491      1.05      2.29      2.73
   150/299     8.54G      1.02       2.7      4.27      7.98      2.08     0.557       851       320     0.399     0.614     0.486      0.48      1.05       2.3      2.67
   151/299     8.54G      1.02      2.69      4.06      7.76      2.04      0.57       820       320     0.408     0.633     0.492     0.493      1.05      2.28      2.57
   152/299     8.54G      1.02      2.67      4.03      7.72      2.03     0.558       963       320      0.41      0.63     0.496     0.493      1.05      2.28      2.63
   153/299     8.54G      1.01      2.68      4.06      7.76      2.05     0.569       837       320     0.402     0.631     0.491     0.488      1.05      2.27      2.61
   154/299     8.54G      1.01      2.68         4      7.69      2.04     0.547       976       320     0.424     0.637     0.497     0.505      1.05      2.28      2.57
   155/299     8.54G      1.01      2.67      3.99      7.68      2.03     0.585       900       320     0.412     0.634     0.495     0.497      1.05      2.27      2.55
   156/299     8.54G      1.01      2.67      3.95      7.63      2.04     0.573       850       320     0.411     0.628     0.494     0.493      1.05      2.27      2.57
   157/299     8.54G      1.01      2.67      4.02      7.71      2.02     0.614       785       320     0.403     0.625     0.489     0.487      1.05      2.28       2.6
   158/299     8.54G      1.01      2.68      3.99      7.69      2.04     0.574       865       320     0.415     0.636     0.497     0.498      1.05      2.27      2.55
   159/299     8.54G      1.02      2.67         4      7.68      2.03     0.572       850       320     0.407     0.618     0.485     0.487      1.05      2.28      2.66
   160/299     8.54G      1.01      2.68      3.98      7.67      2.04     0.542       955       320     0.406     0.628      0.49      0.49      1.05      2.28      2.62
   161/299     8.54G      1.01      2.67      3.98      7.67      2.04      0.57       855       320     0.395     0.628     0.491     0.482      1.05      2.27      2.63
   162/299     8.54G      1.01      2.68      3.98      7.68      2.02      0.59       878       320     0.408     0.631     0.492     0.492      1.05      2.27      2.53
   163/299     8.54G      1.01      2.66      3.88      7.56      2.01     0.556       898       320     0.412     0.624     0.493     0.494      1.05      2.28      2.58
   164/299     8.54G      1.01      2.67      3.96      7.64      2.03     0.561       896       320     0.421     0.633     0.499     0.502      1.04      2.27      2.55
   165/299     8.54G      1.01      2.67      3.97      7.65      2.01     0.584       816       320     0.421     0.633     0.501     0.502      1.05      2.27      2.53
   166/299     8.54G      1.01      2.67      3.95      7.63      2.01     0.555       856       320     0.411     0.634     0.498     0.496      1.05      2.27       2.6
   167/299     8.54G      1.01      2.68      3.91      7.61      2.04     0.553       902       320     0.405     0.628     0.493     0.488      1.05      2.28       2.6
   168/299     8.54G      1.01      2.65      3.89      7.56      2.02     0.572       849       320     0.411     0.624     0.486     0.493      1.05      2.27      2.61
   169/299     8.54G      1.01      2.68      3.97      7.66      2.03      0.56       868       320      0.42     0.622     0.492     0.499      1.05      2.27      2.58
   170/299     8.54G      1.01      2.67      3.97      7.66      2.04     0.607       826       320     0.413     0.619      0.49     0.493      1.05      2.27      2.62
   171/299     8.54G      1.01      2.67      3.93      7.61         2     0.534       939       320     0.402     0.618     0.483     0.485      1.04      2.27      2.64
   172/299     8.54G      1.01      2.68      3.96      7.65      2.02     0.603       853       320     0.401     0.628     0.492     0.487      1.05      2.27      2.65
   173/299     8.54G      1.01      2.67      3.94      7.62      2.03     0.561       775       320     0.406     0.629     0.493     0.489      1.04      2.27      2.68
   174/299     8.54G      1.01      2.67      3.93      7.61      2.02     0.573       841       320     0.423     0.621     0.492     0.501      1.04      2.27      2.65
   175/299     8.54G      1.01      2.67      3.95      7.64      2.02     0.573       793       320     0.407     0.626     0.491      0.49      1.04      2.27      2.68
   176/299     8.54G      1.01      2.66      3.81      7.49      2.01     0.591       857       320     0.414     0.621     0.488     0.495      1.04      2.27      2.61
   177/299     8.54G      1.01      2.67      3.89      7.56      2.02     0.567       927       320     0.407     0.628     0.494      0.49      1.05      2.28      2.67
   178/299     8.54G      1.01      2.67      3.89      7.57      2.02     0.581       906       320     0.398     0.619     0.488     0.481      1.05      2.28      2.69
   179/299     8.54G      1.01      2.67      3.88      7.56      2.03     0.587       918       320       0.4     0.623     0.483     0.484      1.04      2.27       2.6
   180/299     8.54G      1.01      2.66      3.95      7.62         2     0.551       916       320      0.41     0.633     0.495     0.494      1.04      2.27      2.67
   181/299     8.54G      1.01      2.67      3.93      7.61      2.01     0.595       888       320     0.405      0.63      0.49     0.491      1.04      2.27       2.6
   182/299     8.54G      1.01      2.66      3.91      7.59         2     0.581       933       320     0.398     0.628     0.491     0.484      1.04      2.27      2.67
   183/299     8.54G      1.01      2.67      3.88      7.56      2.01     0.585       899       320     0.412     0.626     0.492     0.493      1.04      2.27      2.63
   184/299     8.54G      1.01      2.66      3.89      7.56         2     0.557       833       320     0.406     0.628     0.494     0.491      1.04      2.26      2.65
   185/299     8.54G      1.01      2.66      3.86      7.53      2.01     0.552       837       320     0.408     0.632     0.496     0.493      1.04      2.27      2.65
   186/299     8.54G      1.01      2.66      3.89      7.56         2     0.589       776       320     0.407     0.628     0.494      0.49      1.04      2.27      2.65
   187/299     8.54G      1.01      2.66      3.88      7.55         2     0.582       826       320     0.414     0.628     0.494     0.496      1.04      2.26      2.62
   188/299     8.54G      1.01      2.66      3.87      7.54      2.01      0.56       938       320     0.404     0.625     0.492     0.487      1.04      2.27      2.67
   189/299     8.54G      1.01      2.67      3.87      7.54         2     0.568       868       320     0.406     0.627     0.494      0.49      1.04      2.27      2.67
   190/299     8.54G      1.01      2.67      3.83      7.51      2.01     0.591       818       320     0.404     0.627     0.496     0.488      1.04      2.27      2.66
   191/299     8.54G      1.01      2.67      3.91      7.59      2.02     0.551       886       320     0.407     0.623     0.492      0.49      1.04      2.27      2.63
   192/299     8.54G      1.01      2.67      3.85      7.53      2.02     0.579       900       320     0.412     0.623      0.49     0.493      1.04      2.27      2.61
   193/299     8.54G      1.01      2.66      3.87      7.54      2.01     0.583       711       320     0.417     0.623     0.496     0.497      1.04      2.27      2.58
   194/299     8.54G      1.01      2.67      3.88      7.56         2     0.549       852       320     0.402     0.628     0.492     0.487      1.04      2.27      2.68
   195/299     8.54G      1.01      2.66      3.87      7.55      2.01     0.553       882       320     0.398     0.625     0.491     0.483      1.04      2.27      2.65
   196/299     8.54G      1.01      2.66      3.85      7.52         2     0.591       870       320     0.408     0.622     0.491      0.49      1.04      2.27      2.65
   197/299     8.54G      1.01      2.66      3.95      7.62         2     0.595       826       320     0.404     0.623     0.492     0.487      1.04      2.26      2.68
   198/299     8.54G      1.01      2.66      3.88      7.55         2     0.572       849       320     0.399     0.624     0.493     0.483      1.04      2.27      2.69
   199/299     8.54G      1.01      2.66      3.89      7.56         2     0.586       885       320     0.408     0.625     0.491     0.491      1.04      2.27      2.61
   200/299     8.54G      1.01      2.66      3.85      7.52         2     0.572       864       320     0.402     0.633     0.495     0.488      1.04      2.27      2.61
   201/299     8.54G      1.01      2.67      3.83      7.52      2.01      0.57       880       320     0.412     0.628     0.496     0.494      1.04      2.27      2.66
   202/299     8.54G      1.01      2.67      3.83      7.51      2.02     0.567       778       320     0.412     0.627     0.495     0.493      1.04      2.27      2.62
   203/299     8.54G      1.01      2.67      3.83      7.51         2     0.564       908       320      0.41     0.626     0.496     0.493      1.04      2.27      2.61
   204/299     8.54G      1.01      2.67       3.9      7.57      2.01     0.569       810       320     0.405     0.625     0.495     0.488      1.04      2.27      2.63
   205/299     8.54G      1.01      2.65      3.89      7.55         2     0.573       957       320     0.408     0.623     0.494      0.49      1.04      2.27      2.63
   206/299     8.54G      1.01      2.66      3.83      7.49         2     0.571       757       320     0.403     0.629     0.495     0.488      1.04      2.27      2.63
   207/299     8.54G      1.01      2.66      3.93      7.59         2     0.542       866       320     0.406     0.624     0.495     0.489      1.04      2.26      2.64
   208/299     8.54G      1.01      2.66      3.87      7.53      1.98     0.553       863       320     0.408     0.621     0.491      0.49      1.04      2.26      2.68
   209/299     8.54G      1.01      2.66      3.92      7.59         2     0.561       825       320     0.403     0.628     0.492     0.487      1.04      2.26       2.7
   210/299     8.54G      1.01      2.66      3.82       7.5      2.01     0.584       906       320     0.405     0.627     0.495     0.489      1.04      2.26      2.68
   211/299     8.54G      1.01      2.66      3.92      7.59      1.98     0.553       820       320     0.409     0.621     0.494      0.49      1.04      2.26      2.61
   212/299     8.54G      1.01      2.67      3.87      7.55         2     0.567       881       320     0.407     0.622     0.493     0.489      1.04      2.27       2.6
   213/299     8.54G      1.01      2.67      3.86      7.54         2     0.565       849       320     0.404     0.623     0.495     0.487      1.04      2.27      2.67
   214/299     8.54G      1.01      2.66      3.83       7.5         2     0.565       914       320     0.401     0.626     0.492     0.486      1.04      2.27      2.67
   215/299     8.54G      1.01      2.65      3.88      7.53         2     0.563       953       320     0.408     0.623      0.49      0.49      1.04      2.26      2.65
   216/299     8.54G      1.01      2.67      3.87      7.55         2     0.577       749       320     0.405     0.621     0.491     0.487      1.04      2.26      2.67
   217/299     8.54G      1.01      2.67      3.88      7.56      2.01     0.576       809       320     0.409     0.629     0.496     0.493      1.04      2.26      2.65
   218/299     8.54G      1.01      2.66      3.85      7.52      1.99     0.585       890       320     0.402     0.621      0.49     0.485      1.04      2.27      2.65
   219/299     8.54G      1.01      2.65      3.88      7.54      1.99     0.593       807       320     0.409     0.623     0.496     0.491      1.04      2.26      2.63
   220/299     8.54G      1.01      2.66      3.83       7.5         2     0.587       802       320     0.405     0.625     0.492     0.489      1.04      2.26      2.64
   221/299     8.54G      1.01      2.66      3.88      7.55      2.01     0.573       902       320     0.399     0.625     0.492     0.484      1.04      2.27      2.69
   222/299     8.54G      1.01      2.66      3.93       7.6      1.99     0.553       882       320     0.402     0.623      0.49     0.486      1.04      2.26      2.63
   223/299     8.54G      1.01      2.67      3.84      7.52      2.01     0.583       873       320     0.414     0.626     0.493     0.496      1.04      2.26      2.61
   224/299     8.54G      1.01      2.65      3.84       7.5      1.99     0.579       889       320     0.409     0.625     0.496     0.492      1.04      2.27      2.62
   225/299     8.54G      1.01      2.66      3.88      7.55         2     0.587       922       320     0.398     0.625     0.491     0.484      1.04      2.26       2.7
   226/299     8.54G      1.01      2.66      3.86      7.54         2     0.582       900       320     0.401     0.623     0.492     0.485      1.04      2.26       2.7
   227/299     8.54G      1.01      2.67      3.83      7.51         2     0.546       901       320      0.41     0.623     0.489     0.492      1.04      2.26      2.62
   228/299     8.54G      1.01      2.66      3.85      7.52         2     0.576       884       320     0.408     0.627     0.495     0.491      1.04      2.27      2.64
   229/299     8.54G      1.01      2.66      3.85      7.51         2     0.562       964       320       0.4     0.628     0.495     0.485      1.04      2.27      2.67
   230/299     8.54G      1.01      2.66       3.8      7.47      2.01     0.594       866       320     0.404     0.625     0.495     0.487      1.04      2.27      2.64
   231/299     8.54G      1.01      2.66      3.91      7.58      1.99     0.581       872       320     0.408     0.627     0.493     0.492      1.04      2.26      2.63
   232/299     8.54G      1.01      2.66       3.9      7.57      1.99     0.562       850       320     0.408     0.629     0.495     0.492      1.04      2.27      2.66
   233/299     8.54G      1.01      2.66      3.87      7.53      1.99     0.545       917       320     0.402     0.626     0.492     0.487      1.04      2.27      2.66
   234/299     8.54G      1.01      2.66      3.87      7.54         2     0.555       896       320     0.408     0.622     0.493      0.49      1.04      2.26      2.63
   235/299     8.54G      1.01      2.66       3.9      7.57         2     0.575       881       320     0.407     0.621     0.487     0.489      1.04      2.26      2.66
   236/299     8.54G      1.01      2.66      3.81      7.47      1.99      0.59       850       320      0.41     0.622     0.493     0.491      1.04      2.26      2.61
   237/299     8.54G      1.01      2.66      3.84      7.51         2     0.567       879       320     0.411     0.625     0.495     0.494      1.04      2.27      2.61
   238/299     8.54G      1.01      2.67      3.84      7.51         2      0.55       806       320     0.406     0.628     0.493      0.49      1.04      2.26      2.64
   239/299     8.54G      1.01      2.66      3.85      7.52      1.99      0.58       820       320     0.404     0.627     0.493     0.488      1.04      2.27      2.62
   240/299     8.54G      1.01      2.67      3.84      7.52         2     0.591       866       320     0.411     0.623     0.491     0.492      1.04      2.26      2.63
   241/299     8.54G      1.01      2.66      3.88      7.55      2.01     0.582       795       320     0.408     0.623     0.492      0.49      1.04      2.26      2.64
   242/299     8.54G      1.01      2.66      3.85      7.52         2     0.583       844       320     0.413     0.623     0.493     0.493      1.04      2.26      2.63
   243/299     8.54G      1.01      2.67      3.84      7.52      2.01      0.58       893       320     0.407     0.623     0.493      0.49      1.04      2.27      2.63
   244/299     8.54G      1.01      2.66      3.91      7.58         2     0.583       828       320     0.404     0.623     0.491     0.487      1.04      2.27      2.63
   245/299     8.54G      1.01      2.66      3.77      7.44         2     0.568       849       320     0.418     0.626     0.493     0.498      1.04      2.26      2.64
   246/299     8.54G      1.01      2.66      3.87      7.55      1.99     0.561       797       320     0.398     0.625     0.493     0.484      1.04      2.27      2.64
   247/299     8.54G      1.01      2.66      3.85      7.53         2     0.556       908       320     0.401      0.62     0.493     0.485      1.04      2.27      2.65
   248/299     3.32G      1.01      2.67      3.94      7.61      1.06     0.585       257       320     0.411     0.616     0.487     0.489      1.05      2.27      2.72
   249/299     3.32G      1.01      2.66      3.87      7.54      1.06     0.538       252       320      0.41     0.613      0.49     0.488      1.04      2.27      2.66
   250/299     3.32G      1.01      2.67      3.88      7.55      1.06     0.543       230       320     0.404     0.618      0.49     0.485      1.04      2.27      2.73
   251/299     3.32G      1.01      2.66      3.91      7.58      1.06     0.557       269       320     0.397     0.623     0.489     0.481      1.05      2.27      2.73
   252/299     3.32G      1.01      2.67      3.93      7.61      1.06     0.589       257       320     0.411     0.616     0.487     0.489      1.04      2.27      2.72
   253/299     3.32G      1.01      2.66      3.86      7.53      1.06     0.546       252       320     0.412     0.617     0.492     0.491      1.04      2.27      2.67
   254/299     3.32G      1.01      2.67      3.87      7.54      1.06     0.545       230       320     0.404     0.618      0.49     0.485      1.04      2.27      2.73
   255/299     3.32G      1.01      2.66       3.9      7.57      1.06     0.561       269       320     0.398     0.624     0.491     0.482      1.04      2.27      2.72
   256/299     3.32G      1.01      2.66      3.85      7.53      1.07     0.554       247       320     0.416     0.622     0.494     0.495      1.04      2.27      2.68
   257/299     3.32G      1.01      2.67      3.86      7.54      1.07     0.587       204       320     0.403     0.624      0.49     0.487      1.04      2.27      2.71
   258/299     3.32G      1.01      2.66      3.85      7.52      1.06      0.54       239       320     0.404     0.624     0.489     0.487      1.04      2.27      2.68
   259/299     3.32G      1.01      2.66      3.87      7.54      1.06     0.567       230       320      0.41     0.617     0.491     0.489      1.04      2.27      2.66
   260/299     3.32G      1.01      2.67      3.97      7.65      1.06     0.559       225       320     0.398      0.62     0.489     0.481      1.04      2.27      2.74
   261/299     3.32G      1.01      2.66      3.89      7.56      1.07     0.614       189       320     0.403     0.619     0.488     0.485      1.04      2.27      2.74
   262/299     3.32G      1.01      2.68      3.91       7.6      1.07     0.554       210       320     0.402      0.62     0.488     0.483      1.04      2.27      2.77
   263/299     3.32G      1.01      2.67      3.83      7.51      1.07     0.574       244       320     0.406      0.62     0.492     0.488      1.04      2.27      2.68
   264/299     3.32G      1.01      2.67      3.89      7.56      1.07     0.564       246       320     0.401     0.617     0.491     0.483      1.04      2.28      2.74
   265/299     3.32G      1.01      2.66      3.84      7.52      1.07     0.501       215       320     0.408     0.618     0.491     0.488      1.04      2.27      2.67
   266/299     3.32G      1.01      2.67      3.85      7.53      1.07     0.569       226       320     0.409     0.614     0.489     0.489      1.04      2.27      2.68
   267/299     3.32G      1.01      2.67      3.89      7.57      1.07     0.604       282       320     0.403     0.621      0.49     0.486      1.04      2.28       2.7
   268/299     3.32G      1.01      2.67      3.91      7.58      1.07      0.55       251       320     0.408     0.619     0.489     0.489      1.04      2.27      2.74
   269/299     3.32G      1.01      2.67      3.86      7.55      1.07     0.581       240       320     0.401     0.623      0.49     0.485      1.04      2.27      2.74
   270/299     3.32G      1.01      2.66      3.88      7.55      1.06     0.539       237       320     0.404     0.621     0.495     0.486      1.04      2.27      2.66
   271/299     3.32G      1.01      2.67      3.89      7.57      1.07     0.674       220       320     0.404     0.615     0.489     0.485      1.04      2.27      2.66
   272/299     3.32G      1.01      2.66      3.87      7.54      1.07     0.583       260       320       0.4     0.619     0.489     0.483      1.04      2.27      2.69
   273/299     3.32G      1.01      2.66      3.89      7.56      1.07     0.564       266       320     0.402     0.618     0.489     0.484      1.04      2.27      2.71
   274/299     3.32G      1.01      2.66      3.84      7.52      1.06     0.557       229       320      0.41     0.625      0.49     0.493      1.05      2.26      2.67
   275/299     3.32G      1.01      2.68      3.85      7.54      1.06     0.637       267       320     0.402     0.621      0.49     0.485      1.04      2.27      2.74
   276/299     3.32G      1.01      2.66      3.87      7.54      1.06     0.679       218       320     0.404     0.627     0.492     0.488      1.04      2.27      2.71
   277/299     3.32G      1.01      2.67      3.88      7.56      1.07     0.555       248       320     0.416      0.62      0.49     0.494      1.04      2.27      2.66
   278/299     3.32G      1.01      2.66      3.86      7.53      1.06     0.564       244       320     0.395     0.622     0.491      0.48      1.04      2.27      2.73
   279/299     3.32G      1.01      2.67      3.86      7.54      1.07     0.596       279       320     0.396     0.621     0.488      0.48      1.05      2.27      2.79
   280/299     3.32G      1.01      2.66      3.85      7.52      1.06     0.558       265       320     0.401     0.623     0.493     0.484      1.05      2.27      2.73
   281/299     3.32G      1.01      2.66      3.92      7.59      1.06     0.552       236       320     0.398     0.622      0.49     0.482      1.04      2.28      2.73
   282/299     3.32G      1.01      2.67      3.91      7.59      1.06     0.642       232       320     0.398     0.625      0.49     0.483      1.04      2.27      2.75
   283/299     3.32G      1.01      2.66      3.85      7.52      1.06       0.5       267       320     0.411      0.62     0.494      0.49      1.04      2.27      2.67
   284/299     3.32G      1.01      2.68      3.81       7.5      1.07      0.53       216       320     0.389     0.626     0.492     0.476      1.04      2.27      2.75
   285/299     3.32G      1.01      2.66      3.87      7.54      1.07     0.545       267       320     0.408     0.616      0.49     0.488      1.04      2.28      2.66
   286/299     3.32G      1.01      2.67      3.89      7.57      1.07     0.519       209       320     0.414     0.615      0.49     0.492      1.04      2.27      2.62
   287/299     3.32G      1.01      2.66      3.84      7.51      1.06     0.605       213       320     0.413      0.62     0.493     0.492      1.05      2.27      2.64
   288/299     3.32G      1.01      2.67      3.85      7.54      1.07     0.604       241       320     0.402      0.62     0.493     0.484      1.04      2.27       2.7
   289/299     3.32G      1.01      2.67      3.82       7.5      1.07     0.609       226       320     0.398      0.62     0.493     0.482      1.04      2.27      2.68
   290/299     3.32G      1.01      2.66      3.82       7.5      1.06     0.619       187       320     0.401     0.624     0.492     0.486      1.04      2.27      2.71
   291/299     3.32G      1.01      2.66      3.89      7.56      1.07     0.592       250       320     0.399     0.624     0.492     0.483      1.04      2.27      2.73
   292/299     3.32G      1.01      2.66       3.8      7.47      1.07     0.597       233       320     0.398     0.618     0.492     0.481      1.04      2.27      2.72
   293/299     3.32G      1.01      2.66       3.8      7.47      1.06     0.571       189       320       0.4     0.619     0.492     0.483      1.04      2.27      2.68
   294/299     3.32G      1.01      2.65      3.85      7.52      1.06     0.583       300       320     0.404     0.622      0.49     0.486      1.04      2.27      2.69
   295/299     3.32G      1.01      2.66      3.85      7.52      1.07     0.595       252       320     0.401     0.623     0.489     0.484      1.04      2.27      2.72
   296/299     3.32G      1.01      2.67      3.87      7.55      1.07      0.56       290       320     0.393     0.627     0.492     0.479      1.04      2.27      2.78
   297/299     3.32G      1.01      2.67      3.87      7.55      1.07     0.596       206       320     0.403     0.624     0.497     0.486      1.04      2.27      2.73
   298/299     3.32G      1.01      2.66      3.74      7.42      1.06     0.587       209       320     0.398     0.626     0.494     0.483      1.04      2.27      2.75
   299/299     3.32G      1.01      2.67       3.8      7.49      1.07     0.582       229       320      0.41     0.624     0.493     0.492      1.04      2.27      2.69
